Trained Q-table
[[3.67124277e-11 3.69382716e-01 7.58518519e-01 8.00000000e-01
  1.20588052e+00 1.54074074e+00 1.56444444e+00 1.52146349e+00
  2.05432099e+00 9.60000000e-01]
 [5.24395933e-11 6.19343047e-13 7.55555556e-13 5.78607973e-02
  1.45294925e-01 1.64060357e-01 1.59869637e-01 1.80521262e-01
  1.80625000e-01 1.81333333e-12]
 [2.82729011e+02 3.11599919e+02 6.20459049e+02 7.93030087e+02
  1.15037301e+03 1.26571082e+03 1.57202360e+03 1.60602885e+03
  1.83832356e+03 1.82378484e+03]]
Trained Q-table
[[6.85714315e-04 8.50757478e-01 2.36555801e+00 2.40000000e+00
  3.09728395e+00 3.72414250e+00 4.82160186e+00 4.70020486e+00
  4.39403809e+00 4.64000000e+00]
 [4.15142020e-11 3.56365262e-01 4.33470508e-01 1.01603392e+00
  3.65262664e-01 1.29260875e+00 1.30333610e+00 1.42546436e+00
  1.61799758e+00 9.03125000e-01]
 [8.03179558e+02 9.34378272e+02 1.15317867e+03 1.43728399e+03
  1.57789107e+03 1.85299908e+03 2.11813473e+03 2.40314013e+03
  2.51301154e+03 2.59018680e+03]]
Trained Q-table
[[1.03872290e-03 1.64590794e+00 3.26885705e+00 3.73380917e+00
  4.97777778e+00 8.08888889e+00 6.25846349e+00 8.33571836e+00
  6.79506173e+00 7.66468571e+00]
 [2.98520781e-11 1.17550770e+00 2.14852299e+00 1.93027847e+00
  2.71825022e+00 3.78413918e+00 4.08430994e+00 5.73260161e+00
  2.99939844e+00 3.41019132e+00]
 [1.14234293e+03 1.29244200e+03 1.50018233e+03 1.77849078e+03
  1.94829231e+03 2.14874585e+03 2.42212552e+03 2.62957918e+03
  2.71214206e+03 2.83252737e+03]]
Trained Q-table
[[1.09660491e-10 1.30962963e+00 2.65481481e+00 3.65430194e+00
  2.32296296e+00 6.16296296e+00 3.71441678e+00 4.88554745e+00
  2.84444444e+00 4.32000000e+00]
 [1.58358482e-10 2.81152263e-01 2.12485124e-01 8.90619429e-01
  1.30765432e+00 1.81333333e-12 3.13753436e-01 2.83333333e-12
  9.30513940e-01 3.40000000e-12]
 [1.65657825e+03 1.96747448e+03 2.11267861e+03 2.71051560e+03
  2.89456226e+03 3.30301894e+03 3.97458732e+03 4.24445091e+03
  4.44030014e+03 4.18658253e+03]]
Trained Q-table
[[8.92086416e-11 2.41777778e+00 5.49925926e+00 6.93333333e+00
  1.22785185e+01 7.70370370e+00 1.72421669e+01 1.23200000e+01
  1.55667597e+01 1.28221714e+01]
 [1.26378909e-10 7.02880658e-01 1.79936176e+00 2.09158947e+00
  2.56393075e+00 1.47654321e+00 4.22376173e+00 3.06087130e+00
  2.54851152e+00 2.16742220e+00]
 [4.55112356e+03 4.79025354e+03 5.30794860e+03 5.45055656e+03
  5.78580736e+03 6.65277614e+03 6.98570884e+03 6.87335056e+03
  7.41690005e+03 7.44041496e+03]]
Trained Q-table
[[6.64086416e-11 4.93629630e+00 1.08174539e+01 1.33333333e+01
  1.67646254e+01 2.11865543e+01 1.98021669e+01 2.19022222e+01
  2.37639587e+01 2.44800000e+01]
 [9.71402723e-11 3.40943666e+00 6.26621491e+00 6.54129410e+00
  8.50848312e+00 8.88119308e+00 1.15676952e+01 9.72417770e+00
  1.07511759e+01 1.12578964e+01]
 [6.13438183e+03 6.35555390e+03 6.82210713e+03 7.08398692e+03
  7.68688512e+03 7.90741244e+03 8.18230911e+03 8.52194481e+03
  8.77719085e+03 9.12935453e+03]]
Trained Q-table
[[1.84007129e-10 1.67901235e+00 2.84444444e+00 2.66666667e+00
  6.08395062e+00 8.98765432e+00 6.05115773e+00 3.04197531e+00
  1.06785626e+01 7.20000000e+00]
 [2.61107257e-10 4.15555556e-12 5.19444444e-12 5.66666667e-12
  5.28888889e-12 1.64060357e+00 1.75802469e+00 1.80521262e+00
  4.15555556e-12 1.13333333e-11]
 [3.20111138e+03 3.73035938e+03 3.85519863e+03 4.28144125e+03
  4.75622016e+03 5.21579152e+03 5.47094714e+03 5.69919779e+03
  6.13529854e+03 6.05295798e+03]]
Trained Q-table
[[1.51504455e-10 4.53333333e+00 1.14896272e+01 1.15555556e+01
  1.82518519e+01 1.21975309e+01 1.70666667e+01 2.47248746e+01
  2.13333333e+01 1.80171429e+01]
 [2.09674241e-10 2.45565731e+00 1.49946813e+00 2.67942744e+00
  5.14103637e+00 8.55488422e+00 4.20580422e+00 3.24947521e+00
  4.26023157e+00 7.68079318e+00]
 [8.35763028e+03 8.55238016e+03 9.11026429e+03 9.49556025e+03
  9.83753889e+03 1.01257617e+04 1.03291907e+04 1.10246792e+04
  1.08816771e+04 1.14057710e+04]]
Trained Q-table
[[1.07902673e-10 7.37740657e+00 1.62356149e+01 2.33360239e+01
  2.32415255e+01 3.08421738e+01 5.19416805e+01 4.71506173e+01
  3.83328836e+01 3.84000000e+01]
 [1.58100000e-10 5.71855565e+00 1.33056386e+01 1.30275534e+01
  1.49433636e+01 1.48304055e+01 2.34221808e+01 1.43082215e+01
  2.00200444e+01 2.28742462e+01]
 [1.07298699e+04 1.11668514e+04 1.14117833e+04 1.19303552e+04
  1.21542611e+04 1.25207423e+04 1.30336969e+04 1.32173706e+04
  1.34500192e+04 1.37730513e+04]]